DDX6_K562
0.000000	0.000000	0.000000	1.000000	0.000000	0.750000
0.000000	0.000000	0.000000	0.000000	0.000000	0.000000
0.000000	1.000000	0.000000	0.000000	0.750000	0.000000
1.000000	0.000000	1.000000	0.000000	0.250000	0.250000
0.161765	0.213235	0.205882	0.198529	0.198529	0.198529
0.139706	0.169118	0.183824	0.183824	0.257353	0.205882
0.345588	0.316176	0.323529	0.308824	0.308824	0.316176
0.213235	0.161765	0.154412	0.169118	0.095588	0.110294
0.014706	0.014706	0.022059	0.022059	0.022059	0.044118
0.014706	0.022059	0.022059	0.029412	0.029412	0.036765
0.110294	0.102941	0.088235	0.088235	0.088235	0.088235
