FAM120A_K562
0.000000	1.000000	0.000000	0.000000	0.000000	1.000000
0.000000	0.000000	0.000000	0.000000	0.000000	0.000000
0.000000	0.000000	1.000000	1.000000	0.000000	0.000000
1.000000	0.000000	0.000000	0.000000	1.000000	0.000000
0.272727	0.236364	0.272727	0.272727	0.236364	0.218182
0.200000	0.236364	0.327273	0.309091	0.254545	0.109091
0.127273	0.109091	0.109091	0.127273	0.163636	0.290909
0.145455	0.109091	0.090909	0.109091	0.145455	0.145455
0.018182	0.036364	0.000000	0.000000	0.000000	0.000000
0.036364	0.054545	0.036364	0.054545	0.036364	0.036364
0.200000	0.218182	0.163636	0.127273	0.163636	0.200000
