GNL3_K562
0.500000	0.000000	0.000000	1.000000	1.000000	1.000000
0.500000	0.000000	0.000000	0.000000	0.000000	0.000000
0.000000	0.000000	1.000000	0.000000	0.000000	0.000000
0.000000	1.000000	0.000000	0.000000	0.000000	0.000000
0.182222	0.222222	0.177778	0.128889	0.066667	0.111111
0.142222	0.151111	0.120000	0.106667	0.075556	0.048889
0.297778	0.297778	0.297778	0.306667	0.311111	0.320000
0.120000	0.124444	0.168889	0.186667	0.235556	0.235556
0.031111	0.031111	0.026667	0.035556	0.040000	0.040000
0.031111	0.026667	0.026667	0.035556	0.035556	0.040000
0.195556	0.146667	0.182222	0.200000	0.235556	0.204444
