HNRNPA1_HepG2
0.090909	1.000000	0.090909	0.000000	0.090909	1.000000
0.363636	0.000000	0.000000	0.000000	0.000000	0.000000
0.363636	0.000000	0.909091	1.000000	0.909091	0.000000
0.181818	0.000000	0.000000	0.000000	0.000000	0.000000
0.220472	0.199475	0.236220	0.259843	0.196850	0.139108
0.178478	0.175853	0.217848	0.244094	0.212598	0.160105
0.217848	0.209974	0.196850	0.186352	0.196850	0.217848
0.181102	0.183727	0.173228	0.178478	0.204724	0.223097
0.010499	0.026247	0.007874	0.007874	0.010499	0.044619
0.031496	0.041995	0.023622	0.023622	0.036745	0.044619
0.160105	0.162730	0.144357	0.099738	0.141732	0.170604
