PCBP1_K562
0.000000	0.000000	0.000000	0.000000	0.000000	0.000000
1.000000	0.000000	0.000000	0.250000	1.000000	1.000000
0.000000	0.000000	0.500000	0.000000	0.000000	0.000000
0.000000	1.000000	0.500000	0.750000	0.000000	0.000000
0.207294	0.195777	0.243762	0.161228	0.155470	0.149712
0.224568	0.203455	0.238004	0.186180	0.184261	0.174664
0.195777	0.211132	0.188100	0.220729	0.230326	0.238004
0.199616	0.207294	0.176583	0.213052	0.214971	0.213052
0.019194	0.021113	0.017274	0.021113	0.019194	0.024952
0.030710	0.030710	0.024952	0.030710	0.032630	0.034549
0.122841	0.130518	0.111324	0.166987	0.163148	0.165067
