PRPF8_HepG2
1.000000	0.000000	0.000000	0.000000	0.000000	0.500000
0.000000	0.000000	0.000000	0.000000	0.000000	0.000000
0.000000	1.000000	1.000000	0.000000	1.000000	0.000000
0.000000	0.000000	0.000000	1.000000	0.000000	0.500000
0.173611	0.267361	0.284722	0.222222	0.197917	0.131944
0.232639	0.371528	0.406250	0.361111	0.267361	0.159722
0.142361	0.121528	0.125000	0.135417	0.152778	0.190972
0.197917	0.118056	0.097222	0.118056	0.149306	0.166667
0.017361	0.003472	0.000000	0.045139	0.020833	0.079861
0.024306	0.024306	0.017361	0.017361	0.031250	0.052083
0.211806	0.093750	0.069444	0.100694	0.180556	0.218750
