RBFOX2_HepG2
0.500000	0.000000	0.000000	1.000000	0.000000	0.000000
0.000000	0.000000	1.000000	0.000000	0.000000	0.000000
0.000000	1.000000	0.000000	0.000000	0.000000	1.000000
0.500000	0.000000	0.000000	0.000000	1.000000	0.000000
0.209559	0.297794	0.305147	0.169118	0.227941	0.308824
0.176471	0.238971	0.220588	0.165441	0.176471	0.257353
0.172794	0.154412	0.150735	0.165441	0.154412	0.121324
0.143382	0.136029	0.132353	0.154412	0.139706	0.113971
0.051471	0.022059	0.033088	0.055147	0.058824	0.014706
0.040441	0.018382	0.018382	0.029412	0.036765	0.029412
0.205882	0.132353	0.139706	0.261029	0.205882	0.154412
