SMNDC1_HepG2
1.000000	0.000000	0.000000	0.000000	1.000000	1.000000
0.000000	0.000000	0.000000	0.000000	0.000000	0.000000
0.000000	0.000000	0.000000	1.000000	0.000000	0.000000
0.000000	1.000000	1.000000	0.000000	0.000000	0.000000
0.134615	0.125000	0.134615	0.115385	0.057692	0.067308
0.134615	0.163462	0.182692	0.192308	0.105769	0.105769
0.278846	0.298077	0.288462	0.298077	0.346154	0.346154
0.201923	0.221154	0.221154	0.221154	0.230769	0.240385
0.028846	0.019231	0.009615	0.009615	0.009615	0.009615
0.038462	0.048077	0.048077	0.038462	0.048077	0.038462
0.182692	0.125000	0.115385	0.125000	0.201923	0.192308
