TAF15_HepG2
0.666667	0.666667	0.000000	0.000000	0.000000	1.000000
0.000000	0.000000	0.000000	0.000000	0.000000	0.000000
0.000000	0.333333	1.000000	1.000000	1.000000	0.000000
0.333333	0.000000	0.000000	0.000000	0.000000	0.000000
0.108000	0.116000	0.296000	0.300000	0.276000	0.208000
0.084000	0.068000	0.176000	0.232000	0.216000	0.176000
0.280000	0.284000	0.220000	0.212000	0.216000	0.232000
0.180000	0.176000	0.128000	0.108000	0.112000	0.140000
0.036000	0.020000	0.012000	0.012000	0.016000	0.036000
0.040000	0.044000	0.020000	0.016000	0.016000	0.028000
0.272000	0.292000	0.148000	0.120000	0.148000	0.180000
