UCHL5_HepG2
0.000000	0.000000	0.000000	0.000000	1.000000	1.000000
0.000000	0.000000	0.000000	1.000000	0.000000	0.000000
1.000000	1.000000	0.000000	0.000000	0.000000	0.000000
0.000000	0.000000	1.000000	0.000000	0.000000	0.000000
0.304762	0.323810	0.247619	0.171429	0.038095	0.019048
0.390476	0.361905	0.333333	0.342857	0.161905	0.066667
0.104762	0.114286	0.142857	0.171429	0.257143	0.304762
0.133333	0.133333	0.161905	0.190476	0.247619	0.238095
0.000000	0.000000	0.028571	0.028571	0.057143	0.066667
0.000000	0.000000	0.000000	0.000000	0.038095	0.038095
0.066667	0.066667	0.085714	0.095238	0.200000	0.266667
